28 39
30 29
53 56
71 70
100 99
134 135
2669 13
2669 14
2669 15
2670 13
2670 14
2670 15
3875 40
3875 41
3875 42
5443 66
7010 103
7010 106
7010 107
7011 103
7011 106
7011 107
21896 40
21896 41
21896 42
39482 39
41442 66
62322 65
62322 66
62322 67
226334 40
226334 41
226334 42
231815 53
231815 54
231815 56
232514 39
233426 70
238521 103
238521 106
238521 107
251812 40
251812 41
251812 42
261411 13
261411 14
261411 15
54 56
14 13
14 15
107 103
107 106
40 41
40 42
13 15
106 103
233255 67
233255 68
43 45
46 47
5442 68
1 2
72 83
5442 65
5442 67
69 66
53 54
233255 65
42 41
67 65
233255 66
67 66
67 68
68 65
68 66
5442 66
65 66
111 112
111 113
111 114
111 239807
112 110
112 113
112 114
112 239807
113 110
113 114
113 239807
114 110
86 84
86 81
235829 81
235829 82
235829 84
239807 110
239807 114
85 82
8 9
86 235829
84 81
37 35
85 81
85 84
111 110
85 235829
86 82
85 86
84 82
39 50
81 82
